Position	Type	Joints
home	joints	[359.996, 343.926, 75.156, 359.902, 300.019, 0.003]
home    cartesian	[0.439, 0.193, 0.447, 90.7, -1.019, 149.971]
upper_view	joints	[23.58, 352.943, 79.455, 270.84, 268.777, 112.098]
upper_view  cartesian	[0.29, 0.057, 0.3, 178.215, -1.628, 91.542]
capture_height	joints	[10.815, 320.456, 120.301, 271.94, 341.924, 100.314]
capture_height  cartesian	[0.277, -0.013, -0.006, 178.084, -1.028, 88.684]
upper_movement_height	joints	[10.815, 344.504, 114.845, 270.865, 312.408, 101.595]
upper_movement_height   cartesian	[0.277, -0.013, 0.119, 178.11, -1.06, 88.665]
upper_drop_height	joints	[312.173, 321.684, 77.69, 272.48, 296.41, 42.4]
upper_drop_height   cartesian	[0.222, -0.331, 0.118, 178.096, -1.22, 88.699]
dama1r_bottom	joints	[342.696, 320.056, 117.283, 273.115, 338.687, 66.359]
dama1r_bottom    cartesian	[0.247, -0.142, -0.004, 178.208, -0.531, 93.458]
dama1r_pregrip	joints	[342.698, 331.885, 116.611, 272.048, 326.177, 67.536]
dama1r_pregrip   cartesian	[0.247, -0.142, 0.054, 178.223, -0.545, 93.483]
dama2r_bottom	joints	[346.111, 314.374, 101.359, 271.999, 328.497, 70.965]
dama2r_bottom    cartesian	[0.313, -0.142, -0.002, 178.228, -0.541, 93.463]
dama2r_pregrip	joints	[346.111, 324.057, 100.507, 271.584, 317.947, 71.565]
dama2r_pregrip   cartesian	[0.313, -0.142, 0.056, 178.245, -0.565, 93.407]
dama3r_bottom	joints	[347.925, 305.576, 81.303, 271.462, 317.236, 73.382]
dama3r_bottom    cartesian	[0.382, -0.146, -0.005, 178.273, -0.549, 93.492]
dama3r_pregrip	joints	[347.926, 313.878, 80.459, 271.299, 308.103, 73.624]
dama3r_pregrip   cartesian	[0.382, -0.146, 0.055, 178.252, -0.574, 93.505]
dama4r_bottom	joints	[349.216, 296.787, 60.679, 271.185, 305.382, 75.083]
dama4r_bottom    cartesian	[0.439, -0.148, -0.003, 178.313, -0.57, 93.468]
dama4r_pregrip	joints	[349.216, 303.47, 59.742, 271.113, 297.727, 75.273]
dama4r_pregrip   cartesian	[0.439, -0.148, 0.053, 178.344, -0.597, 93.446]
dama5v_bottom	joints	[49.612, 312.085, 98.329, 268.121, 327.768, 137.732]
dama5v_bottom    cartesian	[0.282, 0.222, -0.007, 178.211, -0.415, 93.462]
dama5v_pregrip	joints	[49.612, 321.872, 97.402, 268.531, 317.013, 137.187]
dama5v_pregrip   cartesian	[0.282, 0.222, 0.055, 178.243, -0.382, 93.493]
dama6v_bottom	joints	[42.911, 306.246, 82.933, 268.79, 318.303, 130.353]
dama6v_bottom    cartesian	[0.342, 0.222, -0.004, 178.235, -0.409, 93.458]
dama6v_pregrip	joints	[42.912, 313.886, 82.167, 268.971, 309.838, 130.051]
dama6v_pregrip   cartesian	[0.342, 0.222, 0.051, 178.293, -0.385, 93.392]
dama7v_bottom	joints	[35.966, 295.581, 57.896, 269.34, 303.971, 122.852]
dama7v_bottom    cartesian	[0.418, 0.218, -0.001, 178.308, -0.429, 93.481]
dama7v_pregrip	joints	[35.967, 304.502, 55.177, 269.396, 292.3, 122.688]
dama7v_pregrip   cartesian	[0.419, 0.218, 0.081, 178.329, -0.401, 93.505]
dama8v_bottom	joints	[31.026, 275.457, 13.63, 269.598, 279.912, 117.616]
dama8v_bottom    cartesian	[0.488, 0.214, 0.001, 178.274, -0.454, 93.48]
dama8v_pregrip	joints	[31.05, 282.345, 13.796, 269.579, 273.347, 117.611]
dama8v_pregrip   cartesian	[0.486, 0.213, 0.062, 178.125, -0.505, 93.465]
a1_bottom	joints	[49.2, 319.221, 117.16, 267.017, 339.535, 138.487]
a1_bottom   cartesian	[0.24, 0.169, -0.006, 178.122, -0.431, 93.5]
a1_pregrip	joints	[49.203, 335.51, 114.629, 268.398, 320.693, 136.975]
a1_pregrip  cartesian	[0.239, 0.169, 0.079, 178.167, -0.427, 93.461]
a3_bottom	joints	[37.213, 321.557, 125.097, 267.403, 345.303, 126.279]
a3_bottom   cartesian	[0.244, 0.098, -0.007, 178.155, -0.441, 93.444]
a5_bottom	joints	[22.778, 322.5, 129.034, 269.165, 348.48, 110.068]
a5_bottom   cartesian	[0.244, 0.029, -0.008, 178.106, -0.484, 93.529]
a7_bottom	joints	[5.11, 322.501, 127.662, 272.001, 347.004, 89.668]
a7_bottom   cartesian	[0.244, -0.044, -0.007, 178.163, -0.502, 93.508]
b2_bottom	joints	[38.962, 317.234, 111.462, 268.259, 335.931, 127.09]
b2_bottom   cartesian	[0.281, 0.138, -0.006, 178.193, -0.417, 93.457]
b4_bottom	joints	[26.773, 319.305, 117.823, 269.119, 340.382, 114.148]
b4_bottom   cartesian	[0.281, 0.066, -0.007, 178.169, -0.467, 93.457]
b6_bottom	joints	[12.456, 320.081, 119.338, 270.598, 341.119, 98.392]
b6_bottom   cartesian	[0.281, -0.006, -0.006, 178.189, -0.479, 93.56]
b8_bottom	joints	[356.92, 318.902, 116.031, 272.016, 338.898, 81.59]
b8_bottom   cartesian	[0.281, -0.079, -0.007, 178.147, -0.518, 93.468]
c1_bottom	joints	[39.9, 311.926, 98.399, 268.575, 328.2, 127.611]
c1_bottom   cartesian	[0.315, 0.172, -0.008, 178.157, -0.425, 93.496]
c3_bottom	joints	[28.976, 314.997, 106.853, 269.166, 333.71, 116.297]
c3_bottom   cartesian	[0.315, 0.096, -0.009, 178.165, -0.467, 93.428]
c5_bottom	joints	[17.192, 316.326, 110.258, 270.086, 335.79, 103.672]
c5_bottom   cartesian	[0.315, 0.027, -0.009, 178.204, -0.475, 93.449]
c7_bottom	joints	[4.049, 316.514, 109.385, 271.141, 334.686, 89.558]
c7_bottom   cartesian	[0.315, -0.043, -0.007, 178.187, -0.506, 93.476]
d2_bottom	joints	[31.351, 310.791, 93.977, 269.212, 325.023, 118.507]
d2_bottom   cartesian	[0.349, 0.132, -0.004, 178.162, -0.46, 93.49]
d4_bottom	joints	[21.436, 312.361, 99.261, 269.801, 328.746, 108.156]
d4_bottom   cartesian	[0.349, 0.065, -0.008, 178.212, -0.472, 93.456]
d6_bottom	joints	[9.607, 312.983, 100.232, 270.58, 329.114, 95.651]
d6_bottom   cartesian	[0.351, -0.007, -0.007, 178.177, -0.496, 93.47]
d8_bottom	joints	[356.619, 311.701, 96.842, 271.355, 326.883, 82.032]
d8_bottom   cartesian	[0.351, -0.085, -0.007, 178.175, -0.526, 93.473]
e1_bottom	joints	[32.799, 304.217, 78.522, 269.322, 315.985, 119.809]
e1_bottom   cartesian	[0.386, 0.167, -0.005, 178.283, -0.425, 93.477]
e3_bottom	joints	[23.977, 307.46, 85.981, 269.679, 320.314, 110.751]
e3_bottom   cartesian	[0.386, 0.097, -0.005, 178.248, -0.436, 93.478]
e5_bottom	joints	[13.538, 308.312, 89.364, 270.273, 322.882, 99.849]
e5_bottom   cartesian	[0.386, 0.025, -0.009, 178.225, -0.482, 93.482]
e7_bottom	joints	[2.764, 308.273, 88.472, 270.899, 321.976, 88.58]
e7_bottom   cartesian	[0.386, -0.046, -0.007, 178.213, -0.531, 93.494]
f2_bottom	joints	[26.209, 300.772, 70.255, 269.646, 311.287, 112.989]
f2_bottom   cartesian	[0.422, 0.132, -0.004, 178.235, -0.452, 93.456]
f4_bottom	joints	[16.882, 303.345, 76.477, 270.087, 314.971, 103.332]
f4_bottom   cartesian	[0.421, 0.058, -0.005, 178.226, -0.486, 93.499]
f6_bottom	joints	[7.284, 303.863, 77.619, 270.549, 315.522, 93.4]
f6_bottom   cartesian	[0.421, -0.012, -0.005, 178.262, -0.505, 93.4]
f8_bottom	joints	[357.258, 302.266, 74.338, 271.033, 313.756, 83.124]
f8_bottom   cartesian	[0.421, -0.084, -0.007, 178.241, -0.56, 93.439]
g1_bottom	joints	[28.257, 292.752, 52.314, 269.625, 301.354, 114.992]
g1_bottom   cartesian	[0.454, 0.167, -0.004, 178.239, -0.462, 93.463]
g3_bottom	joints	[19.683, 297.004, 61.764, 269.974, 306.546, 106.254]
g3_bottom   cartesian	[0.454, 0.091, -0.004, 178.278, -0.48, 93.451]
g5_bottom	joints	[11.119, 298.586, 65.186, 270.341, 308.356, 97.451]
g5_bottom   cartesian	[0.454, 0.022, -0.004, 178.294, -0.5, 93.468]
g7_bottom	joints	[1.893, 298.133, 63.985, 270.734, 307.628, 87.951]
g7_bottom   cartesian	[0.454, -0.05, -0.004, 178.205, -0.532, 93.51]
h2_bottom	joints	[22.351, 287.113, 39.892, 269.874, 294.615, 108.947]
h2_bottom   cartesian	[0.489, 0.128, -0.004, 178.226, -0.487, 93.462]
h4_bottom	joints	[14.202, 290.713, 47.754, 270.219, 298.799, 100.677]
h4_bottom   cartesian	[0.489, 0.055, -0.004, 178.309, -0.517, 93.431]
h6_bottom	joints	[5.844, 291.339, 49.045, 270.521, 299.431, 92.169]
h6_bottom   cartesian	[0.489, -0.015, -0.004, 178.294, -0.526, 93.434]
h8_bottom	joints	[357.999, 289.602, 45.176, 270.82, 297.24, 84.199]
h8_bottom   cartesian	[0.489, -0.081, -0.004, 178.271, -0.567, 93.445]
middle_move_height	joints	[40.773, 322.826, 109.589, 263.51, 325.337, 135.484]
middle_move_height  cartesian	[0.283, 0.136, 0.031, 178.582, 3.627, 90.63]
safe_shutdown	joints	[1.767, 16.971, 140.058, 15.34, 351.215, 344.639]
safe_shutdown   cartesian	[0.292, 0.049, 0.212, 120.476, -4.451, 98.982]